14459.0001
14459.0002
14459.0003
14459.0004
14459.0005
14459.0006
14459.0007
14459.0008
14951.0001
14951.0002
14951.0003
14951.0004
14951.0005
14951.0006
14951.0007
14951.0008
14951.0009
14951.0010
14951.0011
14951.0012
14981.0001
14981.0002
14981.0003
14981.0004
14981.0005
14981.0006
14981.0007
14981.0008
14981.0009
16770.0001
16770.0002
16770.0003
16770.0004
16770.0005
16770.0006
16818.0001
16818.0002
16818.0003
16818.0004
16818.0005
16818.0006
16818.0007
16818.0008
16818.0009
16922.0001
16922.0002
16922.0003
16922.0004
16922.0005
16922.0006
16922.0007
17215.0001
17215.0002
17215.0003
17215.0004
17215.0005
17215.0006
17240.0001
17240.0002
17240.0003
17240.0004
17240.0005
17240.0006
17240.0007
17240.0008
17240.0009
17290.0001
17290.0002
17290.0003
17290.0004
17290.0005
17290.0006
17290.0007
17356.0001
17356.0002
17356.0003
17356.0004
17356.0005
17356.0006
17356.0007
17356.0008
17362.0001
17362.0002
17362.0003
17362.0004
17362.0005
17362.0006
17362.0007
17378.0001
17378.0002
17378.0003
17378.0004
17378.0005
17378.0006
17378.0007
17378.0008
17378.0009
17378.0010
17378.0011
17378.0012
17379.0001
17379.0002
17379.0003
17379.0004
17379.0005
17379.0006
17379.0007
17379.0008
17379.0009
17381.0001
17381.0002
17381.0003
17381.0004
17381.0005
17381.0006
17381.0007
17381.0008
17381.0009
17381.0010
17381.0011
17381.0012
17381.0013
17381.0014
17381.0015
17381.0016
17384.0001
17384.0002
17384.0003
17384.0004
17384.0005
17384.0006
17384.0007
17385.0001
17385.0002
17385.0003
17385.0004
17385.0005
17385.0006
17385.0007
17386.0001
17386.0002
17386.0003
17386.0004
17386.0005
17388.0001
17388.0002
17388.0003
17388.0004
17388.0005
17388.0006
17388.0007
17389.0001
17389.0002
17389.0003
17389.0004
17389.0005
17389.0006
17389.0007
17389.0008
17389.0009
17389.0010
17390.0001
17390.0002
17390.0003
17390.0004
17390.0005
17390.0006
17390.0007
17390.0008
17390.0009
17390.0010
17391.0001
17391.0002
17391.0003
17391.0004
17391.0005
17391.0006
17391.0007
17391.0008
17391.0009
17394.0001
17394.0002
17394.0003
17394.0004
17394.0005
17394.0006
17394.0007
17394.0008
17394.0009
17394.0010
17394.0011
17394.0012
17394.0013
17394.0014
17395.0001
17395.0002
17395.0003
17395.0004
17395.0005
17395.0006
17395.0007
17395.0008
17395.0009
17395.0010
17395.0011
17395.0012
17396.0001
17396.0002
17396.0003
17396.0004
17396.0005
17396.0006
17396.0007
17396.0008
17396.0009
17397.0001
17397.0002
17397.0003
17397.0004
17397.0005
17397.0006
17397.0007
17397.0008
17397.0009
17397.0010
17397.0011
17397.0012
17397.0013
17397.0014
17397.0015
17397.0016
17397.0017
17397.0018
17397.0019
17397.0020
17398.0001
17398.0002
17398.0003
17398.0004
17398.0005
17398.0006
17398.0007
17398.0008
17398.0009
17398.0010
17399.0001
17399.0002
17399.0003
17399.0004
17399.0005
17399.0006
17399.0007
17399.0008
17399.0009
17400.0001
17400.0002
17400.0003
17400.0004
17400.0005
17400.0006
17400.0007
17400.0008
17400.0009
17400.0010
17400.0011
17400.0012
17400.0013
17401.0001
17401.0002
17401.0003
17401.0004
17401.0005
17401.0006
17401.0007
17401.0008
17401.0009
17401.0010
17401.0011
17401.0012
17401.0013
17403.0001
17403.0002
17403.0003
17403.0004
17403.0005
17403.0006
17403.0007
17403.0008
17403.0009
17403.0010
17403.0011
17403.0012
17403.0013
17403.0014
17404.0001
17404.0002
17404.0003
17404.0004
17404.0005
17404.0006
17404.0007
17404.0008
17404.0009
17404.0010
17404.0011
17404.0012
17405.0001
17405.0002
17405.0003
17405.0004
17405.0005
17405.0006
17405.0007
17405.0008
17405.0009
17406.0001
17406.0002
17406.0003
17406.0004
17406.0005
17406.0006
17406.0007
17406.0008
17407.0001
17407.0002
17407.0003
17407.0004
17407.0005
17407.0006
17407.0007
17407.0008
17409.0001
17409.0002
17409.0003
17409.0004
17409.0005
17409.0006
17409.0007
17409.0008
17409.0009
17409.0010
17409.0011
17410.0001
17410.0002
17410.0003
17410.0004
17410.0005
17410.0006
17410.0007
17410.0008
17410.0009
17410.0010
17410.0011
17410.0012
17410.0013
17411.0001
17411.0002
17411.0003
17411.0004
17411.0005
17411.0006
17411.0007
17411.0008
17412.0001
17412.0002
17412.0003
17412.0004
17412.0005
17412.0006
17412.0007
17412.0008
17412.0009
17412.0010
17412.0011
17412.0012
17412.0013
17412.0014
17412.0015
17412.0016
17413.0001
17413.0002
17413.0003
17413.0004
17413.0005
17413.0006
17413.0007
17413.0008
17413.0009
17413.0010
17414.0001
17414.0002
17414.0003
17414.0004
17414.0005
17414.0006
17414.0007
17414.0008
17416.0001
17416.0002
17416.0003
17416.0004
17416.0005
17416.0006
17416.0007
17416.0008
17416.0009
17416.0010
17416.0011
17416.0012
17416.0013
17416.0014
17416.0015
17416.0016
17417.0001
17417.0002
17417.0003
17417.0004
17417.0005
17417.0006
17417.0007
17418.0001
17418.0002
17418.0003
17418.0004
17418.0005
17418.0006
17418.0007
17418.0008
17418.0009
17418.0010
17420.0001
17420.0002
17420.0003
17420.0004
17420.0005
17420.0006
17421.0001
17421.0002
17421.0003
17421.0004
17421.0005
17421.0006
17421.0007
17421.0008
17421.0009
17421.0010
17421.0011
17421.0012
17421.0013
17421.0014
17421.0015
17421.0016
17421.0017
17421.0018
17421.0019
17421.0020
17421.0021
17421.0022
17421.0023
17421.0024
17421.0025
17421.0026
17421.0027
17421.0028
17423.0001
17423.0002
17423.0003
17423.0004
17423.0005
17423.0006
17423.0007
17423.0008
17423.0009
17425.0001
17425.0002
17425.0003
17425.0004
17425.0005
17425.0006
17427.0001
17427.0002
17427.0003
17427.0004
17427.0005
17427.0006
17427.0007
17427.0008
17427.0009
17429.0001
17429.0002
17429.0003
17429.0004
17429.0005
17433.0001
17433.0002
17433.0003
17433.0004
17433.0005
17433.0006
17434.0001
17434.0002
17434.0003
17434.0004
17434.0005
17434.0006
17434.0007
17434.0008
17434.0009
17435.0001
17435.0002
17435.0003
17435.0004
17435.0005
17435.0006
17435.0007
17435.0008
17435.0009
17436.0001
17436.0002
17436.0003
17436.0004
17436.0005
17436.0006
17436.0007
17436.0008
17436.0009
17436.0010
17439.0001
17439.0002
17439.0003
17439.0004
17439.0005
17439.0006
17439.0007
17439.0008
17439.0009
17439.0010
17440.0001
17440.0002
17440.0003
17440.0004
17440.0005
17440.0006
17440.0007
17440.0008
17440.0009
17440.0010
17441.0001
17441.0002
17441.0003
17441.0004
17441.0005
17441.0006
17441.0007
17441.0008
17441.0009
17442.0001
17442.0002
17442.0003
17442.0004
17442.0005
17442.0006
17442.0007
17443.0001
17443.0002
17443.0003
17443.0004
17443.0005
17443.0006
17443.0007
17443.0008
17443.0009
17443.0010
17443.0011
17443.0012
17443.0013
17447.0001
17447.0002
17447.0003
17447.0004
17447.0005
17447.0006
17447.0007
17448.0001
17448.0002
17448.0003
17448.0004
17448.0007
17448.0008
17448.0009
17448.0010
17448.0011
17449.0001
17449.0002
17449.0003
17449.0004
17449.0005
17449.0006
17449.0007
17449.0008
17449.0009
17449.0010
17449.0011
17449.0012
17449.0013
17450.0001
17450.0002
17450.0003
17450.0004
17450.0005
17450.0006
17450.0007
17450.0008
17450.0009
17450.0010
17450.0011
17450.0012
17451.0001
17451.0002
17451.0003
17451.0004
17451.0005
17451.0006
17453.0001
17453.0002
17453.0003
17453.0004
17453.0005
17453.0006
17453.0007
17453.0008
17453.0009
17454.0001
17454.0002
17454.0003
17454.0004
17454.0005
17454.0006
17454.0007
17457.0001
17457.0002
17457.0003
17457.0004
17457.0005
17457.0006
